Exercice;Police;Typecompte;SoldePrec;PBPrec;CotiExo;RachExo;SoldeExo;PBExo;Intg
2022;RC7085.101L;ERAI;2032134;78306;421371;0;2531811;86506;0
2022;RC7085.101L;ERAG;2032134;78306;421371;0;2531811;86506;0
2022;RC7085.102Q;ERAI;1578001;60807;298825;0;1937633;66204;0
2022;RC7085.102Q;ERAG;1578001;60807;298825;0;1937633;66204;0
2022;RC7085.103K;ERAI;1592135;61351;299847;0;1953333;66741;0
2022;RC7085.103K;ERAG;1592136;61351;299847;0;1953334;66741;0
2022;RC7085.104Q;ERAI;1614363;62208;322597;0;1999168;68307;0
2022;RC7085.104Q;ERAG;1614363;62208;322597;0;1999168;68307;0
2022;RC7085.105E;ERAI;1545008;59535;280194;0;1884737;64397;0
2022;RC7085.105E;ERAG;1545008;59535;280194;0;1884737;64397;0
2022;RC7085.106D;ERAI;1591874;61341;275104;0;1928319;65886;0
2022;RC7085.106D;ERAG;1591874;61341;275104;0;1928319;65886;0
2022;RC7085.109Z;ERAI;1973367;76042;408214;0;2457623;83971;0
2022;RC7085.109Z;ERAG;1973367;76042;408214;0;2457623;83971;0
2022;RC7085.10N;ERAI;1605386;61862;326412;0;1993660;68119;0
2022;RC7085.10N;ERAG;1605386;61862;326412;0;1993660;68119;0
2022;RC7085.110Z;ERAI;1966315;75770;418680;0;2460765;84079;0
2022;RC7085.110Z;ERAG;1966315;75770;418680;0;2460765;84079;0
2022;RC7085.111X;ERAI;1509912;58183;360053;0;1928148;65880;0
2022;RC7085.111X;ERAG;1509912;58183;360053;0;1928148;65880;0
2022;RC7085.112B;ERAI;1365306;52611;269510;0;1687427;57656;0
2022;RC7085.112B;ERAG;1365306;52611;269510;0;1687427;57656;0
2022;RC7085.113R;ERAI;1722374;66370;415467;0;2204211;75313;0
2022;RC7085.113R;ERAG;1722374;66370;415467;0;2204211;75313;0
2022;RC7085.114Q;ERAI;1607648;61949;296880;0;1966477;67190;0
2022;RC7085.114Q;ERAG;1607648;61949;296880;0;1966477;67190;0
2022;RC7085.115J;ERAI;1590450;61287;275604;0;1927341;65853;0
2022;RC7085.115J;ERAG;1590450;61287;275604;0;1927341;65853;0
2022;RC7085.116G;ERAI;1569795;60491;283466;0;1913752;65389;0
2022;RC7085.116G;ERAG;1569795;60491;283466;0;1913752;65389;0
2022;RC7085.117F;ERAI;1571704;60564;274656;0;1906924;65155;0
2022;RC7085.117F;ERAG;1571704;60564;274656;0;1906924;65155;0
2022;RC7085.118Z;ERAI;2024467;78011;461759;0;2564237;87614;0
2022;RC7085.118Z;ERAG;2024467;78011;461759;0;2564237;87614;0
2022;RC7085.119D;ERAI;1948799;75095;426319;0;2450213;83718;0
2022;RC7085.119D;ERAG;1948799;75095;426319;0;2450213;83718;0
2022;RC7085.11G;ERAI;1602837;61764;287799;0;1952400;66709;0
2022;RC7085.11G;ERAG;1602837;61764;287799;0;1952400;66709;0
2022;RC7085.120Q;ERAI;1995295;76887;447390;0;2519572;86088;0
2022;RC7085.120Q;ERAG;1995296;76887;447390;0;2519573;86088;0
2022;RC7085.121F;ERAI;1981594;76359;456882;0;2514835;85926;0
2022;RC7085.121F;ERAG;1981594;76359;456882;0;2514835;85926;0
2022;RC7085.124K;ERAI;1831699;70583;91914;0;1994196;68137;0
2022;RC7085.124K;ERAG;1831699;70583;91914;0;1994196;68137;0
2022;RC7085.125G;ERAI;1634936;63001;337089;0;2035026;69532;0
2022;RC7085.125G;ERAG;1634936;63001;337089;0;2035026;69532;0
2022;RC7085.126Y;ERAI;1159382;44676;216944;0;1421002;48552;0
2022;RC7085.126Y;ERAG;1159382;44676;216944;0;1421002;48552;0
2022;RC7085.127A;ERAI;1088448;41942;217044;0;1347434;46039;0
2022;RC7085.127A;ERAG;1088448;41942;217044;0;1347434;46039;0
2022;RC7085.128T;ERAI;1776583;68459;323123;0;2168165;74081;0
2022;RC7085.128T;ERAG;1776583;68459;323123;0;2168165;74081;0
2022;RC7085.129Q;ERAI;1328092;51177;235812;0;1615081;55184;0
2022;RC7085.129Q;ERAG;1328092;51177;235812;0;1615081;55184;0
2022;RC7085.130Q;ERAI;1123866;43307;214127;0;1381300;47196;0
2022;RC7085.130Q;ERAG;1123866;43307;214127;0;1381300;47196;0
2022;RC7085.131M;ERAI;464879;17914;106929;0;589722;20149;0
2022;RC7085.131M;ERAG;464879;17914;106929;0;589722;20149;0
2022;RC7085.132N;ERAI;1165171;44899;213447;0;1423517;48638;0
2022;RC7085.132N;ERAG;1165171;44899;213447;0;1423517;48638;0
2022;RC7085.133Z;ERAI;1212448;46721;223027;0;1482196;50643;0
2022;RC7085.133Z;ERAG;1212448;46721;223027;0;1482196;50643;0
2022;RC7085.134L;ERAI;1213522;46762;248413;0;1508697;51549;0
2022;RC7085.134L;ERAG;1213522;46762;248413;0;1508697;51549;0
2022;RC7085.135N;ERAI;1213240;46751;246671;0;1506662;51479;0
2022;RC7085.135N;ERAG;1213240;46751;246671;0;1506662;51479;0
2022;RC7085.136Q;ERAI;1133104;43663;213023;0;1389790;47486;0
2022;RC7085.136Q;ERAG;1133104;43663;213023;0;1389790;47486;0
2022;RC7085.137Y;ERAI;1355149;52219;243867;0;1651235;56419;0
2022;RC7085.137Y;ERAG;1355149;52219;243867;0;1651235;56419;0
2022;RC7085.138F;ERAI;1457159;56150;252882;0;1766191;60347;0
2022;RC7085.138F;ERAG;1457159;56150;252882;0;1766191;60347;0
2022;RC7085.139B;ERAI;1190153;45861;215097;0;1451111;49581;0
2022;RC7085.139B;ERAG;1190153;45861;215097;0;1451111;49581;0
2022;RC7085.13A;ERAI;1602294;61743;295962;0;1959999;66969;0
2022;RC7085.13A;ERAG;1602294;61743;295962;0;1959999;66969;0
2022;RC7085.140D;ERAI;1735822;66888;388575;0;2191285;74871;0
2022;RC7085.140D;ERAG;1735822;66888;388575;0;2191285;74871;0
2022;RC7085.141Y;ERAI;1212520;46723;241365;0;1500608;51272;0
2022;RC7085.141Y;ERAG;1212520;46723;241365;0;1500608;51272;0
2022;RC7085.143R;ERAI;513901;19803;106843;0;640547;21886;0
2022;RC7085.143R;ERAG;513901;19803;106843;0;640547;21886;0
2022;RC7085.144X;ERAI;643563;24799;200300;0;868662;29680;0
2022;RC7085.144X;ERAG;643563;24799;200300;0;868662;29680;0
2022;RC7085.146Q;ERAI;1294013;49864;236728;0;1580605;54006;0
2022;RC7085.146Q;ERAG;1294013;49864;236728;0;1580605;54006;0
2022;RC7085.147M;ERAI;1090144;42008;231274;0;1363426;46585;0
2022;RC7085.147M;ERAG;1090144;42008;231274;0;1363426;46585;0
2022;RC7085.149F;ERAI;1359938;52404;331485;0;1743827;59583;0
2022;RC7085.149F;ERAG;1359938;52404;331485;0;1743827;59583;0
2022;RC7085.150Z;ERAI;1227866;47315;237312;0;1512493;51678;0
2022;RC7085.150Z;ERAG;1227866;47315;237312;0;1512493;51678;0
2022;RC7085.151S;ERAI;1054651;40640;251110;0;1346401;46003;0
2022;RC7085.151S;ERAG;1054651;40640;251110;0;1346401;46003;0
2022;RC7085.152G;ERAI;1205544;46455;226464;0;1478463;50516;0
2022;RC7085.152G;ERAG;1205544;46455;226464;0;1478463;50516;0
2022;RC7085.155F;ERAI;1240781;47812;252261;0;1540854;52647;0
2022;RC7085.155F;ERAG;1240781;47812;252261;0;1540854;52647;0
2022;RC7085.156F;ERAI;1344669;51816;265480;0;1661965;56786;0
2022;RC7085.156F;ERAG;1344669;51816;265480;0;1661965;56786;0
2022;RC7085.159F;ERAI;1307278;50375;246919;0;1604572;54825;0
2022;RC7085.159F;ERAG;1307278;50375;246919;0;1604572;54825;0
2022;RC7085.160H;ERAI;1435870;55330;317555;0;1808755;61801;0
2022;RC7085.160H;ERAG;1435870;55330;317555;0;1808755;61801;0
2022;RC7085.161D;ERAI;1111870;42845;211180;0;1365895;46669;0
2022;RC7085.161D;ERAG;1111870;42845;211180;0;1365895;46669;0
2022;RC7085.162X;ERAI;1340727;51664;249045;0;1641436;56084;0
2022;RC7085.162X;ERAG;1340727;51664;249045;0;1641436;56084;0
2022;RC7085.163C;ERAI;1567718;60411;278082;0;1906211;65131;0
2022;RC7085.163C;ERAG;1567718;60411;278082;0;1906211;65131;0
2022;RC7085.164V;ERAI;1916724;73859;412244;0;2402827;82099;0
2022;RC7085.164V;ERAG;1916724;73859;412244;0;2402827;82099;0
2022;RC7085.165M;ERAI;1641468;63252;366478;0;2071198;70768;0
2022;RC7085.165M;ERAG;1641468;63252;366478;0;2071198;70768;0
2022;RC7085.166R;ERAI;2165134;83431;432848;0;2681413;91618;0
2022;RC7085.166R;ERAG;2165134;83431;432848;0;2681413;91618;0
2022;RC7085.167W;ERAI;2346728;90429;493724;0;2930881;100141;0
2022;RC7085.167W;ERAG;2346728;90429;493724;0;2930881;100141;0
2022;RC7085.168E;ERAI;2291936;88318;380588;0;2760842;94332;0
2022;RC7085.168E;ERAG;2291936;88318;380588;0;2760842;94332;0
2022;RC7085.16E;ERAI;1065651;41064;191054;0;1297769;44342;0
2022;RC7085.16E;ERAG;1065651;41064;191054;0;1297769;44342;0
2022;RC7085.170P;ERAI;3205673;123528;516178;0;3845379;131388;0
2022;RC7085.170P;ERAG;3205673;123528;516178;0;3845379;131388;0
2022;RC7085.171F;ERAI;7092145;273289;1409586;0;8775020;299822;0
2022;RC7085.171F;ERAG;4743494;182786;1409586;0;6335866;216482;0
2022;RC7085.172F;ERAI;10497853;404525;1882031;0;12784409;436814;0
2022;RC7085.172F;ERAG;10497853;404525;1882031;0;12784409;436814;0
2022;RC7085.174F;ERAI;34743435;1338806;17712019;0;53794260;1838027;0
2022;RC7085.174F;ERAG;34743435;1338806;17712019;0;53794260;1838027;0
2022;RC7085.176Z;ERAI;34209586;1318235;6467631;0;41995452;1434888;0
2022;RC7085.176Z;ERAG;34209586;1318235;6467631;0;41995452;1434888;0
2022;RC7085.177Z;ERAI;1979755;76288;382508;0;2438551;83320;0
2022;RC7085.177Z;ERAG;1979755;76288;382508;0;2438551;83320;0
2022;RC7085.179C;ERAI;1665700;64186;414953;0;2144839;73284;0
2022;RC7085.179C;ERAG;1665700;64186;414953;0;2144839;73284;0
2022;RC7085.17D;ERAI;1320250;50875;271641;0;1642766;56130;0
2022;RC7085.17D;ERAG;1320250;50875;271641;0;1642766;56130;0
2022;RC7085.180N;ERAI;1101943;42462;245291;0;1389696;47483;0
2022;RC7085.180N;ERAG;1101943;42462;245291;0;1389696;47483;0
2022;RC7085.182T;ERAI;1585728;61105;369913;0;2016746;68908;0
2022;RC7085.182T;ERAG;1585728;61105;369913;0;2016746;68908;0
2022;RC7085.183C;ERAI;1426558;54971;294813;0;1776342;60694;0
2022;RC7085.183C;ERAG;1426558;54971;294813;0;1776342;60694;0
2022;RC7085.184Z;ERAI;1584322;61050;342263;0;1987635;67913;0
2022;RC7085.184Z;ERAG;1584322;61050;342263;0;1987635;67913;0
2022;RC7085.185R;ERAI;1383281;53303;283623;0;1720207;58776;0
2022;RC7085.185R;ERAG;1383281;53303;283623;0;1720207;58776;0
2022;RC7085.186M;ERAI;1362247;52493;314763;0;1729503;59093;0
2022;RC7085.186M;ERAG;1362247;52493;314763;0;1729503;59093;0
2022;RC7085.187K;ERAI;1341139;51680;274479;0;1667298;56968;0
2022;RC7085.187K;ERAG;1341139;51680;274479;0;1667298;56968;0
2022;RC7085.188G;ERAI;1088170;41932;255298;0;1385400;47336;0
2022;RC7085.188G;ERAG;1088170;41932;255298;0;1385400;47336;0
2022;RC7085.189F;ERAI;922585;35551;218449;0;1176585;40201;0
2022;RC7085.189F;ERAG;922585;35551;218449;0;1176585;40201;0
2022;RC7085.18H;ERAI;1300993;50133;271521;0;1622647;55442;0
2022;RC7085.18H;ERAG;1300993;50133;271521;0;1622647;55442;0
2022;RC7085.190C;ERAI;1641521;63254;422078;0;2126853;72670;0
2022;RC7085.190C;ERAG;1641521;63254;422078;0;2126853;72670;0
2022;RC7085.191N;ERAI;1362126;52488;284549;0;1699163;58056;0
2022;RC7085.191N;ERAG;1362126;52488;284549;0;1699163;58056;0
2022;RC7085.193C;ERAI;1352237;52107;274371;0;1678715;57358;0
2022;RC7085.193C;ERAG;1352237;52107;274371;0;1678715;57358;0
2022;RC7085.194G;ERAI;1577245;60778;308017;0;1946040;66492;0
2022;RC7085.194G;ERAG;1577245;60778;308017;0;1946040;66492;0
2022;RC7085.195X;ERAI;1601566;61715;298216;0;1961497;67020;0
2022;RC7085.195X;ERAG;1601566;61715;298216;0;1961497;67020;0
2022;RC7085.196M;ERAI;1760042;67822;377932;0;2205796;75367;0
2022;RC7085.196M;ERAG;1760042;67822;377932;0;2205796;75367;0
2022;RC7085.198V;ERAI;1005731;38755;299053;0;1343539;45906;0
2022;RC7085.198V;ERAG;1005731;38755;299053;0;1343539;45906;0
2022;RC7085.199F;ERAI;1024780;39489;212785;0;1277054;43634;0
2022;RC7085.199F;ERAG;1024780;39489;212785;0;1277054;43634;0
2022;RC7085.19A;ERAI;1287273;49604;263063;0;1599940;54666;0
2022;RC7085.19A;ERAG;1287273;49604;263063;0;1599940;54666;0
2022;RC7085.201T;ERAI;1366354;52651;319184;0;1738189;59390;0
2022;RC7085.201T;ERAG;1366354;52651;319184;0;1738189;59390;0
2022;RC7085.202B;ERAI;1376282;53034;272794;0;1702110;58157;0
2022;RC7085.202B;ERAG;1376282;53034;272794;0;1702110;58157;0
2022;RC7085.203Y;ERAI;987133;38038;220839;0;1246010;42573;0
2022;RC7085.203Y;ERAG;987133;38038;220839;0;1246010;42573;0
2022;RC7085.204V;ERAI;1475128;56843;296319;0;1828290;62468;0
2022;RC7085.204V;ERAG;1475128;56843;296319;0;1828290;62468;0
2022;RC7085.206B;ERAI;1430304;55115;353709;0;1839128;62839;0
2022;RC7085.206B;ERAG;1430304;55115;353709;0;1839128;62839;0
2022;RC7085.209F;ERAI;941852;36293;239100;0;1217245;41590;0
2022;RC7085.209F;ERAG;941852;36293;239100;0;1217245;41590;0
2022;RC7085.20T;ERAI;1380765;53206;264950;0;1698921;58048;0
2022;RC7085.20T;ERAG;1380765;53206;264950;0;1698921;58048;0
2022;RC7085.210F;ERAI;422941;16298;93381;0;532620;18198;0
2022;RC7085.210F;ERAG;422941;16298;93381;0;532620;18198;0
2022;RC7085.211N;ERAI;10136946;390618;3120813;0;13648377;466334;0
2022;RC7085.211N;ERAG;10136946;390618;3120813;0;13648377;466334;0
2022;RC7085.212F;ERAI;3662937;141148;998156;0;4802241;164082;0
2022;RC7085.212F;ERAG;3662937;141148;998156;0;4802241;164082;0
2022;RC7085.214Y;ERAI;1329818;51243;576216;0;1957277;66876;0
2022;RC7085.214Y;ERAG;1329818;51243;576216;0;1957277;66876;0
2022;RC7085.215B;ERAI;1190072;45858;313947;0;1549877;52956;0
2022;RC7085.215B;ERAG;1190072;45858;313947;0;1549877;52956;0
2022;RC7085.216M;ERAI;765517;29498;217776;0;1012791;34605;0
2022;RC7085.216M;ERAG;765517;29498;217776;0;1012791;34605;0
2022;RC7085.217M;ERAI;348930;13446;96066;0;458442;15664;0
2022;RC7085.217M;ERAG;348930;13446;96066;0;458442;15664;0
2022;RC7085.218G;ERAI;513007;19768;270084;0;802859;27432;0
2022;RC7085.218G;ERAG;513007;19768;270084;0;802859;27432;0
2022;RC7085.219M;ERAI;1868241;71991;561255;0;2501487;85470;0
2022;RC7085.219M;ERAG;1868241;71991;561255;0;2501487;85470;0
2022;RC7085.21G;ERAI;1182595;45570;281697;0;1509862;51589;0
2022;RC7085.21G;ERAG;1182595;45570;281697;0;1509862;51589;0
2022;RC7085.221Y;ERAI;839274;32341;267496;0;1139111;38921;0
2022;RC7085.221Y;ERAG;839274;32341;267496;0;1139111;38921;0
2022;RC7085.222S;ERAI;706838;27237;268286;0;1002361;34248;0
2022;RC7085.222S;ERAG;706838;27237;268286;0;1002361;34248;0
2022;RC7085.223G;ERAI;669322;25792;279185;0;974299;33290;0
2022;RC7085.223G;ERAG;669322;25792;279185;0;974299;33290;0
2022;RC7085.224D;ERAI;792341;30532;283303;0;1106176;37795;0
2022;RC7085.224D;ERAG;792341;30532;283303;0;1106176;37795;0
2022;RC7085.225B;ERAI;473094;18230;193183;0;684507;23388;0
2022;RC7085.225B;ERAG;473094;18230;193183;0;684507;23388;0
2022;RC7085.226P;ERAI;818911;31556;353012;0;1203479;41120;0
2022;RC7085.226P;ERAG;818911;31556;353012;0;1203479;41120;0
2022;RC7085.227Z;ERAI;2757332;106251;1324808;0;4188391;143108;0
2022;RC7085.227Z;ERAG;2757332;106251;1324808;0;4188391;143108;0
2022;RC7085.229Y;ERAI;411955;15874;226921;0;654750;22371;0
2022;RC7085.229Y;ERAG;411955;15874;226921;0;654750;22371;0
2022;RC7085.231V;ERAI;500038;19268;329564;0;848870;29004;0
2022;RC7085.231V;ERAG;500038;19268;329564;0;848870;29004;0
2022;RC7085.232Z;ERAI;394086;15186;227320;0;636592;21751;0
2022;RC7085.232Z;ERAG;394086;15186;227320;0;636592;21751;0
2022;RC7085.233S;ERAI;368624;14205;240024;0;622853;21281;0
2022;RC7085.233S;ERAG;368624;14205;240024;0;622853;21281;0
2022;RC7085.234K;ERAI;2574021;99188;1940862;0;4614071;157652;0
2022;RC7085.234K;ERAG;2574021;99188;1940862;0;4614071;157652;0
2022;RC7085.237A;ERAI;139123;5361;89339;0;233823;7989;0
2022;RC7085.237A;ERAG;139123;5361;89339;0;233823;7989;0
2022;RC7085.238G;ERAI;349215;13457;275541;0;638213;21806;0
2022;RC7085.238G;ERAG;349215;13457;275541;0;638213;21806;0
2022;RC7085.239V;ERAI;163962;6318;178277;0;348557;11909;0
2022;RC7085.239V;ERAG;163962;6318;178277;0;348557;11909;0
2022;RC7085.23J;ERAI;1162278;44787;211138;0;1418203;48457;0
2022;RC7085.23J;ERAG;1162278;44787;211138;0;1418203;48457;0
2022;RC7085.240V;ERAI;301836;11631;436703;0;750170;25632;0
2022;RC7085.240V;ERAG;301836;11631;436703;0;750170;25632;0
2022;RC7085.241K;ERAI;82639;3184;0;0;85823;2932;0
2022;RC7085.241K;ERAG;82639;3184;0;0;85823;2932;0
2022;RC7085.242V;ERAI;173570;6688;187747;0;368005;12574;0
2022;RC7085.242V;ERAG;173570;6688;187747;0;368005;12574;0
2022;RC7085.243V;ERAI;232016;8941;264803;0;505760;17281;0
2022;RC7085.243V;ERAG;232016;8941;264803;0;505760;17281;0
2022;RC7085.244G;ERAI;0;0;90525;0;90525;3093;0
2022;RC7085.244G;ERAG;0;0;90525;0;90525;3093;0
2022;RC7085.245P;ERAI;0;0;318525;0;318525;10883;0
2022;RC7085.245P;ERAG;0;0;318525;0;318525;10883;0
2022;RC7085.247M;ERAI;0;0;709001;0;709001;24225;0
2022;RC7085.247M;ERAG;0;0;709001;0;709001;24225;0
2022;RC7085.248C;ERAI;0;0;170365;0;170365;5821;0
2022;RC7085.248C;ERAG;0;0;170365;0;170365;5821;0
2022;RC7085.249Q;ERAI;0;0;152292;0;152292;5203;0
2022;RC7085.249Q;ERAG;0;0;152292;0;152292;5203;0
2022;RC7085.24E;ERAI;1263207;48677;241780;0;1553664;53085;0
2022;RC7085.24E;ERAG;1263207;48677;241780;0;1553664;53085;0
2022;RC7085.250N;ERAI;0;0;348128;0;348128;11895;0
2022;RC7085.250N;ERAG;0;0;348128;0;348128;11895;0
2022;RC7085.251V;ERAI;0;0;271856;0;271856;9289;0
2022;RC7085.251V;ERAG;0;0;271856;0;271856;9289;0
2022;RC7085.25V;ERAI;1484922;57220;277200;0;1819342;62163;0
2022;RC7085.25V;ERAG;1484922;57220;277200;0;1819342;62163;0
2022;RC7085.26A;ERAI;1139911;43925;323095;0;1506931;51488;0
2022;RC7085.26A;ERAG;1139911;43925;323095;0;1506931;51488;0
2022;RC7085.27G;ERAI;1238810;47736;261111;0;1547657;52880;0
2022;RC7085.27G;ERAG;1238810;47736;261111;0;1547657;52880;0
2022;RC7085.28N;ERAI;1156206;44553;171300;0;1372059;46880;0
2022;RC7085.28N;ERAG;1156206;44553;171300;0;1372059;46880;0
2022;RC7085.29C;ERAI;2350314;90567;432108;0;2872989;98163;0
2022;RC7085.29C;ERAG;2350314;90567;432108;0;2872989;98163;0
2022;RC7085.30F;ERAI;2305278;88832;409126;0;2803236;95780;0
2022;RC7085.30F;ERAG;2305278;88832;409126;0;2803236;95780;0
2022;RC7085.31E;ERAI;2772828;106848;486957;0;3366633;115030;0
2022;RC7085.31E;ERAG;2772828;106848;486957;0;3366633;115030;0
2022;RC7085.35X;ERAI;1515175;58386;276025;0;1849586;63196;0
2022;RC7085.35X;ERAG;1515175;58386;276025;0;1849586;63196;0
2022;RC7085.36P;ERAI;1395051;53757;276634;0;1725442;58954;0
2022;RC7085.36P;ERAG;1395051;53757;276634;0;1725442;58954;0
2022;RC7085.37Z;ERAI;1661756;64034;331277;1000000;1057067;36118;0
2022;RC7085.37Z;ERAG;1661756;64034;331277;0;2057067;70285;0
2022;RC7085.38D;ERAI;1374649;52971;237393;0;1665013;56890;0
2022;RC7085.38D;ERAG;1374649;52971;237393;0;1665013;56890;0
2022;RC7085.39U;ERAI;930542;35858;196283;0;1162683;39726;0
2022;RC7085.39U;ERAG;930542;35858;196283;0;1162683;39726;0
2022;RC7085.40A;ERAI;2985603;115047;509447;0;3610097;123349;0
2022;RC7085.40A;ERAG;2985603;115047;509447;0;3610097;123349;0
2022;RC7085.41H;ERAI;3272246;126093;644827;0;4043166;138146;0
2022;RC7085.41H;ERAG;3272246;126093;644827;0;4043166;138146;0
2022;RC7085.42U;ERAI;3449424;132920;634756;0;4217100;144089;0
2022;RC7085.42U;ERAG;3449424;132920;634756;0;4217100;144089;0
2022;RC7085.43U;ERAI;3399929;131013;689467;0;4220409;144202;0
2022;RC7085.43U;ERAG;3399929;131013;689467;0;4220409;144202;0
2022;RC7085.44R;ERAI;1890288;72840;325672;0;2288800;78203;0
2022;RC7085.44R;ERAG;1890288;72840;325672;0;2288800;78203;0
2022;RC7085.47Y;ERAI;2430586;93660;492297;0;3016543;103068;0
2022;RC7085.47Y;ERAG;2430586;93660;492297;0;3016543;103068;0
2022;RC7085.48Q;ERAI;3460310;133340;634061;0;4227711;144451;0
2022;RC7085.48Q;ERAG;3460310;133340;634061;0;4227711;144451;0
2022;RC7085.49B;ERAI;4135123;159343;1021754;0;5316220;181643;0
2022;RC7085.49B;ERAG;4135123;159343;1021754;0;5316220;181643;0
2022;RC7085.4N;ERAI;2586966;99686;453604;0;3140256;107295;0
2022;RC7085.4N;ERAG;2586966;99686;453604;0;3140256;107295;0
2022;RC7085.52U;ERAI;3332531;128416;584205;0;4045152;138214;0
2022;RC7085.52U;ERAG;3332531;128416;584205;0;4045152;138214;0
2022;RC7085.58F;ERAI;2321603;89461;467695;0;2878759;98361;0
2022;RC7085.58F;ERAG;2321603;89461;467695;0;2878759;98361;0
2022;RC7085.59F;ERAI;2766904;106620;481043;0;3354567;114618;0
2022;RC7085.59F;ERAG;2766904;106620;481043;0;3354567;114618;0
2022;RC7085.60W;ERAI;2291907;88317;439797;0;2820021;96354;0
2022;RC7085.60W;ERAG;2291907;88317;439797;0;2820021;96354;0
2022;RC7085.61K;ERAI;2334156;89945;451256;0;2875357;98244;0
2022;RC7085.61K;ERAG;2334156;89945;451256;0;2875357;98244;0
2022;RC7085.62D;ERAI;1627044;62697;407930;0;2097671;71673;0
2022;RC7085.62D;ERAG;1627044;62697;407930;0;2097671;71673;0
2022;RC7085.63R;ERAI;1590916;61304;276549;0;1928769;65902;0
2022;RC7085.63R;ERAG;1590916;61304;276549;0;1928769;65902;0
2022;RC7085.64M;ERAI;1240176;47789;274690;0;1562655;53392;0
2022;RC7085.64M;ERAG;1240176;47789;274690;0;1562655;53392;0
2022;RC7085.65Z;ERAI;1264490;48726;267768;0;1580984;54019;0
2022;RC7085.65Z;ERAG;1264490;48726;267768;0;1580984;54019;0
2022;RC7085.66U;ERAI;1356377;52267;262240;0;1670884;57090;0
2022;RC7085.66U;ERAG;1356377;52267;262240;0;1670884;57090;0
2022;RC7085.67R;ERAI;1352585;52121;274139;0;1678845;57362;0
2022;RC7085.67R;ERAG;1352585;52121;274139;0;1678845;57362;0
2022;RC7085.68A;ERAI;2282092;87938;415881;0;2785911;95188;0
2022;RC7085.68A;ERAG;2282092;87938;415881;0;2785911;95188;0
2022;RC7085.69L;ERAI;1674737;64534;393033;0;2132304;72856;0
2022;RC7085.69L;ERAG;1674737;64534;393033;0;2132304;72856;0
2022;RC7085.6T;ERAI;2444906;94212;543474;0;3082592;105325;0
2022;RC7085.6T;ERAG;2444906;94212;543474;0;3082592;105325;0
2022;RC7085.70N;ERAI;1354298;52187;249593;0;1656078;56584;0
2022;RC7085.70N;ERAG;1354298;52187;249593;0;1656078;56584;0
2022;RC7085.71U;ERAI;1597326;61551;258750;0;1917627;65521;0
2022;RC7085.71U;ERAG;1597326;61551;258750;0;1917627;65521;0
2022;RC7085.72F;ERAI;1592474;61365;298113;0;1951952;66694;0
2022;RC7085.72F;ERAG;1592474;61365;298113;0;1951952;66694;0
2022;RC7085.73C;ERAI;3438652;132505;637981;0;4209138;143817;0
2022;RC7085.73C;ERAG;3438652;132505;637981;0;4209138;143817;0
2022;RC7085.74K;ERAI;1211600;46688;227605;0;1485893;50770;0
2022;RC7085.74K;ERAG;1211600;46688;227605;0;1485893;50770;0
2022;RC7085.76Y;ERAI;1340525;51656;254029;0;1646210;56247;0
2022;RC7085.76Y;ERAG;1340525;51656;254029;0;1646210;56247;0
2022;RC7085.78F;ERAI;1366935;52674;290203;0;1709812;58420;0
2022;RC7085.78F;ERAG;1366935;52674;290203;0;1709812;58420;0
2022;RC7085.79F;ERAI;1611675;62104;310855;0;1984634;67810;0
2022;RC7085.79F;ERAG;1611675;62104;310855;0;1984634;67810;0
2022;RC7085.81H;ERAI;1226337;47256;251711;0;1525304;52116;0
2022;RC7085.81H;ERAG;1226337;47256;251711;0;1525304;52116;0
2022;RC7085.84X;ERAI;1353765;52166;254493;0;1660424;56733;0
2022;RC7085.84X;ERAG;1353765;52166;254493;0;1660424;56733;0
2022;RC7085.85D;ERAI;2089148;80503;423661;0;2593312;88608;0
2022;RC7085.85D;ERAG;2089148;80503;423661;0;2593312;88608;0
2022;RC7085.86H;ERAI;2407173;92758;415854;0;2915785;99626;0
2022;RC7085.86H;ERAG;2407173;92758;415854;0;2915785;99626;0
2022;RC7085.87U;ERAI;1290144;49715;327274;0;1667133;56962;0
2022;RC7085.87U;ERAG;1290144;49715;327274;0;1667133;56962;0
2022;RC7085.88D;ERAI;1213573;46764;237049;0;1497386;51162;0
2022;RC7085.88D;ERAG;1213573;46764;237049;0;1497386;51162;0
2022;RC7085.89A;ERAI;1408886;54290;209774;0;1672950;57161;0
2022;RC7085.89A;ERAG;1408886;54290;209774;0;1672950;57161;0
2022;RC7085.8M;ERAI;2956022;113908;475251;0;3545181;121131;0
2022;RC7085.8M;ERAG;2956022;113908;475251;0;3545181;121131;0
2022;RC7085.90N;ERAI;1207897;46545;232322;0;1486764;50799;0
2022;RC7085.90N;ERAG;1207897;46545;232322;0;1486764;50799;0
2022;RC7085.91C;ERAI;1549671;59715;262762;0;1872148;63967;0
2022;RC7085.91C;ERAG;1549671;59715;262762;0;1872148;63967;0
2022;RC7085.92H;ERAI;1204027;46396;233454;0;1483877;50701;0
2022;RC7085.92H;ERAG;1204027;46396;233454;0;1483877;50701;0
2022;RC7085.93P;ERAI;1519818;58565;347063;0;1925446;65788;0
2022;RC7085.93P;ERAG;1519818;58565;347063;0;1925446;65788;0
2022;RC7085.94A;ERAI;1766736;68080;431637;0;2266453;77440;0
2022;RC7085.94A;ERAG;1766736;68080;431637;0;2266453;77440;0
2022;RC7085.95R;ERAI;1285165;49523;265590;0;1600278;54678;0
2022;RC7085.95R;ERAG;1285165;49523;265590;0;1600278;54678;0
2022;RC7085.97H;ERAI;1202683;46344;222989;0;1472016;50295;0
2022;RC7085.97H;ERAG;1202683;46344;222989;0;1472016;50295;0
2022;RC7085.98N;ERAI;1660772;63996;349098;0;2073866;70859;0
2022;RC7085.98N;ERAG;1660772;63996;349098;0;2073866;70859;0
2022;RC7085.9B;ERAI;1846369;71148;364238;0;2281755;77962;0
2022;RC7085.9B;ERAG;1846369;71148;364238;0;2281755;77962;0